<<<<<<< HEAD
0 0.100000 0.511000 0.200000 0.600000
0 0.295000 0.437000 0.230000 0.468000
0 0.370000 0.206000 0.120000 0.154000
0 0.474000 0.177000 0.088000 0.132000
0 0.510000 0.272000 0.140000 0.166000
0 0.615000 0.557000 0.310000 0.508000
0 0.665000 0.501000 0.210000 0.620000
0 0.850000 0.379000 0.200000 0.380000
=======
0 0.119000 0.511000 0.238000 0.598000
0 0.304000 0.437500 0.252000 0.467000
0 0.417000 0.308000 0.196000 0.392000
0 0.536500 0.340500 0.157000 0.315000
0 0.628000 0.562500 0.300000 0.509000
0 0.858500 0.370000 0.205000 0.402000
>>>>>>> Armando
