<<<<<<< HEAD
0 0.158000 0.409000 0.214000 0.460000
0 0.278500 0.719000 0.331000 0.480000
0 0.281000 0.155500 0.088000 0.153000
0 0.374500 0.448500 0.139000 0.403000
0 0.365000 0.187000 0.120000 0.184000
0 0.568500 0.379000 0.273000 0.380000
0 0.696000 0.712000 0.462000 0.474000
0 0.829000 0.372000 0.240000 0.446000
=======
0 0.160500 0.409000 0.209000 0.458000
0 0.281000 0.716500 0.328000 0.483000
0 0.695000 0.709000 0.460000 0.478000
0 0.417500 0.434000 0.225000 0.432000
0 0.570000 0.380000 0.270000 0.380000
0 0.826000 0.372500 0.232000 0.445000
0 0.417500 0.267500 0.225000 0.345000
0 0.280000 0.151500 0.100000 0.167000
>>>>>>> Armando
